Time
9.28
9.25
9.50
9.57
9.61
9.62
9.68
9.68
9.72
9.71
9.71
9.73
9.73
9.72
9.72
9.74
9.73
9.73
9.74
9.74
9.74
9.75
9.74
9.74
9.75
9.75
9.75
9.76
9.76
9.75
9.74
9.71
9.69
9.66
9.64
9.65
9.66
9.69
9.74
9.80
9.86
9.94
10.00
10.06
10.13
10.19
10.24
10.30
10.35
10.40
10.46
10.50
10.54
10.59
10.63
10.67
10.71
10.75
10.78
10.82
10.85
10.88
10.92
10.95
10.98
11.01
11.04
11.06
11.09
11.12
11.14
11.17
11.19
11.22
11.24
11.26
11.28
11.31
11.33
11.35
11.37
11.39
11.41
11.43
11.45
11.46
11.49
11.50
11.52
11.54
11.55
11.56
11.58
11.59
11.61
11.63
11.64
11.65
11.67
11.68
11.70
11.71
11.73
11.74
11.75
11.76
11.78
11.79
11.80
11.81
11.82
11.83
11.84
11.85
11.86
11.87
11.88
11.89
11.90
11.91
11.92
11.92
11.93
11.94
11.95
11.93
11.84
11.75
11.66
11.57
11.48
11.40
11.32
11.24
11.15
11.07
11.00
10.92
10.84
10.77
10.69
10.62
10.55
10.48
10.41
10.34
10.27
10.20
10.14
10.07
10.01
9.94
9.88
9.82
9.76
9.70
9.64
9.58
9.52
9.46
9.41
9.35
9.29
9.24
9.19
9.13
9.08
9.03
8.98
8.93
8.88
8.83
8.78
8.73
8.68
8.63
8.59
8.54
8.49
8.45
8.40
8.36
8.31
8.27
8.23
8.19
8.14
8.10
8.06
8.02
7.98
7.94
7.90
7.86
7.82
7.78
7.75
7.71
7.67
7.64
7.60
7.56
7.53
7.49
7.46
7.42
7.39
7.35
7.32
7.29
7.25
7.22
7.19
7.16
7.13
7.09
7.06
7.03
7.00
6.97
6.94
6.91
6.88
6.85
6.82
6.79
6.77
6.74
6.71
6.68
6.65
6.63
6.60
6.57
6.55
6.52
6.49
6.47
6.44
6.42
6.39
6.37
6.34
6.32
6.29
6.27
6.24
6.22
6.20
6.17
6.15
6.13
6.10
6.08
6.06
6.04
6.01
5.99
5.97
5.95
5.93
5.91
5.88
5.86
5.84
5.82
5.80
5.78
5.76
5.74
5.72
5.70
5.68
5.66
5.64
5.62
5.60
5.58
5.57
5.55
5.53
5.51
5.49
5.47
5.46
5.44
5.42
5.40
5.38
5.37
5.35
5.33
5.31
5.30
5.28
5.26
5.25
5.23
5.21
5.20
5.18
5.17
5.15
5.13
5.12
5.10
5.09
5.07
5.06
5.04
5.03
5.01
5.00
4.98
4.97
4.95
4.94
4.92
4.91
4.89
4.88
4.87
4.85
4.84
4.82
4.81
4.80
4.78
4.77
4.76
4.74
4.73
4.72
4.70
4.69
4.68
4.66
4.65
4.64
4.63
4.61
4.60
4.59
4.58
4.56
4.55
4.54
4.53
4.51
4.50
4.49
4.48
4.47
4.46
4.44
4.43
4.42
4.41
4.40
4.39
4.38
4.36
4.35
4.34
4.33
4.32
4.31
4.30
4.29
4.28
4.27
4.26
4.24
4.23
4.22
4.21
4.20
4.19
4.18
4.17
4.16
4.15
4.14
4.13
4.12
4.11
4.10
4.09
4.08
4.07
4.06
4.05
4.05
4.04
4.03
4.02
4.01
4.00
3.99
3.98
3.97
3.96
3.95
3.94
3.94
3.93
3.92
3.91
3.90
3.89
3.88
3.87
3.87
3.86
3.85
3.84
3.83
3.82
3.81
3.81
3.80
3.79
3.78
3.77
3.77
3.76
3.75
3.74
3.73
3.73
3.72
3.71
3.70
3.69
3.69
3.68
3.67
3.66
3.66
3.65
3.64
3.63
3.63
3.62
3.61
3.60
3.60
3.59
3.58
3.57
3.57
3.56
3.55
3.55
3.54
3.53
3.52
3.52
3.51
3.50
3.50
3.49
3.48
3.48
3.47
3.46
3.46
3.45
3.44
3.44
3.43
3.42
3.42
3.41
3.40
3.40
3.39
3.38
3.38
3.37
3.36
3.36
3.35
3.35
3.34
3.33
3.33
3.32
3.31
3.31
3.30
3.30
3.29
3.28
3.28
3.27
3.27
3.26
3.25
3.25
