P2G
26.68
27.88
28.58
28.90
29.07
29.18
29.31
29.39
29.45
29.49
29.53
29.58
29.60
29.63
29.66
29.68
29.70
29.72
29.74
29.76
29.77
29.80
29.82
29.84
29.86
29.88
29.89
29.91
29.92
29.93
29.91
29.90
29.90
29.90
29.93
30.05
30.28
30.61
31.04
31.51
32.00
32.51
33.00
33.46
33.92
34.34
34.73
35.12
35.47
35.81
36.15
36.47
36.77
37.06
37.33
37.59
37.84
38.09
38.32
38.54
38.72
38.92
39.12
39.31
39.49
39.67
39.84
40.01
40.18
40.35
40.50
40.66
40.80
40.94
41.08
41.22
41.35
41.48
41.61
41.73
41.85
41.96
42.06
42.17
42.27
42.37
42.46
42.56
42.65
42.74
42.81
42.88
42.96
43.04
43.12
43.20
43.28
43.36
43.44
43.51
43.58
43.65
43.72
43.79
43.86
43.92
43.98
44.05
44.10
44.16
44.22
44.27
44.33
44.38
44.43
44.48
44.53
44.58
44.63
44.67
44.70
44.74
44.78
44.82
44.86
44.88
44.87
44.86
44.85
44.85
44.84
44.83
44.83
44.82
44.81
44.80
44.80
44.79
44.78
44.77
44.77
44.76
44.75
44.74
44.74
44.73
44.72
44.72
44.71
44.70
44.69
44.69
44.68
44.67
44.67
44.66
44.65
44.64
44.64
44.63
44.62
44.62
44.61
44.60
44.59
44.59
44.58
44.57
44.57
44.56
44.55
44.54
44.54
44.53
44.52
44.52
44.51
44.50
44.49
44.49
44.48
44.47
44.47
44.46
44.45
44.45
44.44
44.43
44.42
44.42
44.41
44.40
44.40
44.39
44.38
44.37
44.37
44.36
44.35
44.35
44.34
44.33
44.33
44.32
44.31
44.30
44.30
44.29
44.28
44.28
44.27
44.26
44.26
44.25
44.24
44.24
44.23
44.22
44.21
44.21
44.20
44.19
44.19
44.18
44.17
44.17
44.16
44.15
44.14
44.14
44.13
44.12
44.12
44.11
44.10
44.10
44.09
44.08
44.08
44.07
44.06
44.06
44.05
44.04
44.03
44.03
44.02
44.01
44.01
44.00
43.99
43.99
43.98
43.97
43.97
43.96
43.95
43.95
43.94
43.93
43.92
43.92
43.91
43.90
43.90
43.89
43.88
43.88
43.87
43.86
43.86
43.85
43.84
43.84
43.83
43.82
43.82
43.81
43.80
43.80
43.79
43.78
43.78
43.77
43.76
43.75
43.75
43.74
43.73
43.73
43.72
43.71
43.71
43.70
43.69
43.69
43.68
43.67
43.67
43.66
43.65
43.65
43.64
43.63
43.63
43.62
43.61
43.61
43.60
43.59
43.59
43.58
43.57
43.57
43.56
43.55
43.55
43.54
43.53
43.53
43.52
43.51
43.51
43.50
43.49
43.49
43.48
43.47
43.47
43.46
43.45
43.45
43.44
43.43
43.43
43.42
43.41
43.41
43.40
43.39
43.39
43.38
43.37
43.37
43.36
43.35
43.35
43.34
43.33
43.33
43.32
43.31
43.31
43.30
43.29
43.29
43.28
43.27
43.27
43.26
43.25
43.25
43.24
43.24
43.23
43.22
43.22
43.21
43.20
43.20
43.19
43.18
43.18
43.17
43.16
43.16
43.15
43.14
43.14
43.13
43.12
43.12
43.11
43.10
43.10
43.09
43.09
43.08
43.07
43.07
43.06
43.05
43.05
43.04
43.03
43.03
43.02
43.01
43.01
43.00
42.99
42.99
42.98
42.98
42.97
42.96
42.96
42.95
42.94
42.94
42.93
42.92
42.92
42.91
42.90
42.90
42.89
42.89
42.88
42.87
42.87
42.86
42.85
42.85
42.84
42.83
42.83
42.82
42.82
42.81
42.80
42.80
42.79
42.78
42.78
42.77
42.76
42.76
42.75
42.74
42.74
42.73
42.73
42.72
42.71
42.71
42.70
42.69
42.69
42.68
42.68
42.67
42.66
42.66
42.65
42.64
42.64
42.63
42.62
42.62
42.61
42.61
42.60
42.59
42.59
42.58
42.57
42.57
42.56
42.56
42.55
42.54
42.54
42.53
42.52
42.52
42.51
42.51
42.50
42.49
42.49
42.48
42.47
42.47
42.46
42.46
42.45
42.44
42.44
42.43
42.42
42.42
42.41
42.41
42.40
42.39
42.39
42.38
42.37
42.37
